0,6,Denver,7
